'''
2008

1	Johan Santana	NYM	34	34	234.1	206	74	66	63	206	16	7	0	0	6.9	1.15	2.53
2	Cliff Lee	CLE	31	31	223.1	214	68	63	34	170	22	3	0	0	6.5	1.11	2.54
3	Tim Lincecum	SF	34	33	227.0	182	72	66	84	265	18	5	0	0	7.6	1.17	2.62
4	CC Sabathia	CLE/MIL	35	35	253.0	223	85	76	59	251	17	10	0	0	4.7	1.11	2.70
5	Roy Halladay	TOR	34	33	246.0	220	88	76	39	206	20	11	0	0	5.9	1.05	2.78
6	Jake Peavy	SD	27	27	173.2	146	57	55	59	166	10	11	0	0	3.8	1.18	2.85
7	Daisuke Matsuzaka	BOS	29	29	167.2	128	58	54	94	154	18	3	0	0	5.2	1.32	2.90
8	Ryan Dempster	CHC	33	33	206.2	174	75	68	76	187	17	6	0	0	6.7	1.21	2.96
9	Ben Sheets	MIL	31	31	198.1	181	74	68	47	158	13	9	0	0	4.2	1.15	3.09
10	Cole Hamels	PHI	33	33	227.1	193	89	78	53	196	14	10	0	0	4.0	1.08	3.09
11	Chad Billingsley	LA	35	32	200.2	188	76	70	80	201	16	10	0	0	4.6	1.34	3.14
12	Jon Lester	BOS	33	33	210.1	202	78	75	66	152	16	6	0	0	5.8	1.27	3.21
13	Edinson Volquez	CIN	33	32	196.0	167	82	70	93	206	17	6	0	0	4.5	1.33	3.21
14	Derek Lowe	LA	34	34	211.0	194	84	76	45	147	14	11	0	0	4.2	1.13	3.24
15	Brandon Webb	ARI	34	34	226.2	206	95	83	65	183	22	7	0	0	5.4	1.20	3.30
16	John Danks	CWS	33	33	195.0	182	74	72	57	159	12	9	0	0	6.1	1.23	3.32
17	Dan Haren	ARI	33	33	216.0	204	86	80	40	206	16	8	0	0	5.8	1.13	3.33
18	Mike Mussina	NYY	34	34	200.1	214	85	75	31	150	20	9	0	0	4.8	1.22	3.37
19	Joe Saunders	LAA	31	31	198.0	187	82	75	53	103	17	7	0	0	4.4	1.21	3.41
20	Scott Baker	MIN	28	28	172.1	161	66	66	42	141	11	4	0	0	4.2	1.18	3.45

71	Vicente Padilla	TEX	29	29	171.0	185	100	90	65	127	14	8	0	0	0.8	1.46	4.74
72	Bronson Arroyo	CIN	34	34	200.0	219	116	106	68	163	15	11	0	0	1.3	1.44	4.77
73	Aaron Harang	CIN	30	29	184.1	205	104	98	50	153	6	17	0	0	1.6	1.38	4.78
74	Johnny Cueto	CIN	31	31	174.0	178	101	93	68	158	9	14	0	0	1.2	1.41	4.81
75	Zach Duke	PIT	31	31	185.0	230	111	99	47	87	5	14	0	0	0.2	1.50	4.82
76	Justin Verlander	DET	33	33	201.0	195	119	108	87	163	11	17	0	0	1.5	1.40	4.84
77	Jon Garland	LAA	32	32	196.2	237	116	107	59	90	14	8	0	0	0.5	1.51	4.90
78	Tim Redding	WAS	33	33	182.0	195	110	100	65	120	10	11	0	0	0.4	1.43	4.95
79	Jeff Suppan	MIL	31	31	177.2	207	110	98	67	90	10	10	0	0	-0.6	1.54	4.96
80	Kevin Millwood	TEX	29	29	168.2	220	104	95	49	125	9	10	0	0	0.6	1.59	5.07
81	Barry Zito	SF	32	32	180.0	186	115	103	102	120	10	17	0	0	-0.3	1.60	5.15
82	Daniel Cabrera	BAL	30	30	180.0	199	109	105	90	95	8	10	0	0	0.4	1.61	5.25
83	Ian Snell	PIT	31	31	164.1	201	107	99	89	135	7	12	0	0	-0.6	1.76	5.42
84	Kenny Rogers	DET	30	30	173.2	212	118	110	71	82	9	13	0	0	-0.2	1.63	5.70
85	Brian Bannister	KC	32	32	182.2	215	127	117	58	113	9	16	0	0	-0.1	1.49	5.76
86	Brandon Backe	HOU	31	31	166.2	202	114	112	77	127	9	14	0	0	-1.3	1.67	6.05
88	Nate Robertson	DET	32	28	168.2	218	124	119	62	108	7	11	0	0	-1.1	1.66	6.35



2009

71	Tim Lincecum	SF	32	32	197.2	184	102	96	76	193	10	14	0	0	-0.6	1.32	4.37
72	Ryan Dempster	BOS	32	29	171.1	170	97	87	79	157	8	9	0	0	-0.2	1.45	4.57
73	Jerome Williams	LAA	37	25	169.1	181	93	86	55	107	9	10	0	0	0.5	1.39	4.57
74	Dan Haren	WSH	31	30	169.2	179	92	88	31	151	10	14	1	0	-0.1	1.24	4.67
75	Kyle Kendrick	PHI	30	30	182.0	207	104	95	47	110	10	13	0	0	1.0	1.40	4.70
76	CC Sabathia	NYY	32	32	211.0	224	122	112	65	175	14	13	0	0	0.3	1.37	4.78
77	Ian Kennedy	SD/ARI	31	31	181.1	180	108	99	73	163	7	10	0	0	-1.5	1.40	4.91
78	Edwin Jackson	CHC	31	31	175.1	197	110	97	59	135	8	18	0	0	-1.3	1.46	4.98
79	Jeremy Hellickson	TB	32	31	174.0	185	103	100	50	135	12	10	0	0	-0.8	1.35	5.17
80	Joe Saunders	SEA	32	32	183.0	232	117	107	61	107	11	16	0	0	-0.3	1.60	5.26hia	NYY	34	34	230.0	197	96	86	67	197	19	8	0	0	5.9	1.15	3.37



61	Ricky Romero	TOR	29	29	178.0	192	88	85	79	141	13	9	0	0	2.0	1.52	4.30
63	Jason Hammel	COL	34	30	176.2	203	94	85	42	133	10	8	0	0	1.8	1.39	4.33
64	Scott Baker	MIN	33	33	200.0	190	99	97	48	162	15	9	0	0	3.1	1.19	4.37
65	Jorge De La Rosa	COL	33	32	185.0	172	95	90	83	193	16	9	0	0	2.4	1.38	4.38
66	Johnny Cueto	CIN	30	30	171.1	172	90	84	61	132	11	11	0	0	0.7	1.36	4.41
67	Paul Maholm	PIT	31	31	194.2	221	102	96	60	119	8	9	0	0	0.8	1.44	4.44
68	Joe Saunders	LAA	31	31	186.0	202	102	95	64	101	16	7	0	0	0.3	1.43	4.60
69	Trevor Cahill	OAK	32	32	178.2	185	99	92	72	90	10	13	0	0	1.4	1.44	4.63
70	Derek Lowe	ATL	34	34	194.2	232	109	101	63	111	15	10	0	0	0.7	1.52	4.67
71	Brad Penny	BOS/SF	30	30	173.1	191	102	94	51	109	11	9	0	0	1.3	1.40	4.88
72	Jamie Moyer	PHI	30	25	162.0	177	91	89	43	94	12	10	0	0	0.1	1.36	4.94
73	Mike Pelfrey	NYM	31	31	184.1	213	112	103	66	107	10	12	0	0	-0.3	1.51	5.03
74	Jeremy Guthrie	BAL	33	33	200.0	224	120	112	60	110	10	17	0	0	1.6	1.42	5.04
75	Ricky Nolasco	FLA	31	31	185.0	188	111	104	44	195	13	9	0	0	0.5	1.25	5.06
76	Carl Pavano	CLE/MIN	33	33	199.1	235	119	113	39	147	14	12	0	0	0.8	1.37	5.10
77	Braden Looper	MIL	34	34	194.2	226	123	113	64	100	14	7	0	0	-1.2	1.49	5.22
78	Livan Hernandez	WAS/NYM	31	31	183.2	220	112	111	67	102	9	12	0	0	0.2	1.56	5.44

2010

1	Felix Hernandez	SEA	34	34	249.2	194	80	63	70	232	13	12	0	0	6.8	1.06	2.27
2	Josh Johnson	FLA	28	28	183.2	155	51	47	48	186	11	6	0	0	6.8	1.11	2.30
3	Clay Buchholz	BOS	28	28	173.2	142	55	45	67	120	17	7	0	0	5.4	1.20	2.33
4	Adam Wainwright	STL	33	33	230.1	186	68	62	56	213	20	11	0	0	5.9	1.05	2.42
5	Roy Halladay	PHI	33	33	250.2	231	74	68	30	219	21	10	0	0	8.3	1.04	2.44
6	Jaime Garcia	STL	28	28	163.1	151	64	49	64	132	13	8	0	0	2.5	1.32	2.70
7	David Price	TB	32	31	208.2	170	71	63	79	188	19	6	0	0	4.4	1.19	2.72
8	Roy Oswalt	HOU/PHI	33	32	211.2	162	70	65	55	193	13	13	0	0	3.2	1.03	2.76
9	Tim Hudson	ATL	34	34	228.2	189	74	72	74	139	17	9	0	0	5.5	1.15	2.83
10	R.A. Dickey	NYM	27	26	174.1	165	62	55	42	104	11	9	0	0	3.4	1.19	2.84
11	Ubaldo Jimenez	COL	33	33	221.2	164	73	71	92	214	19	8	0	0	7.3	1.15	2.88
12	Clayton Kershaw	LAD	32	32	204.1	160	73	66	81	212	13	10	0	0	5.4	1.18	2.91
13	Mat Latos	SD	31	31	184.2	150	63	60	50	189	14	10	0	0	3.0	1.08	2.92
14	Trevor Cahill	OAK	30	30	196.2	155	73	65	63	118	18	8	0	0	3.7	1.11	2.97
15	Johan Santana	NYM	29	29	199.0	179	67	66	55	144	11	9	0	0	4.5	1.18	2.98
16	Jered Weaver	LAA	34	34	224.1	187	83	75	54	233	13	12	0	0	4.9	1.07	3.01
17	Cole Hamels	PHI	33	33	208.2	185	74	71	61	211	12	11	0	0	5.3	1.18	3.06
18	Jonathan Sanchez	SF	34	33	193.1	142	74	66	96	205	13	9	0	0	3.0	1.23	3.07
19	Brett Myers	HOU	33	33	223.2	212	88	78	66	180	14	8	0	0	4.7	1.24	3.14
20	Matt Cain	SF	33	33	223.1	181	84	78	61	177	13	11	0	0	3.8	1.08	3.14


71	Brian Matusz	BAL	32	32	175.2	173	88	84	63	143	10	12	0	0	2.6	1.34	4.30
72	Jeff Niemann	TB	30	29	174.1	159	86	85	61	131	12	8	0	0	0.4	1.26	4.39
73	John Lackey	BOS	33	33	215.0	233	114	105	72	156	14	11	0	0	1.5	1.42	4.40
74	Joe Saunders	LAA/ARI	33	33	203.1	232	120	101	64	114	9	17	0	0	-0.1	1.46	4.47
75	Edwin Jackson	CHW/ARI	32	32	209.1	214	111	104	78	181	10	12	0	0	1.8	1.39	4.47
76	Scott Baker	MIN	29	29	170.1	186	87	85	43	148	12	9	0	0	1.3	1.34	4.49
77	Dave Bush	MIL	32	31	174.1	198	108	88	65	107	8	13	0	0	-1.3	1.51	4.54
78	Chris Volstad	FLA	30	30	175.0	187	94	89	60	102	12	9	0	0	1.3	1.41	4.58
79	Justin Masterson	CLE	34	29	180.0	197	107	94	73	140	6	13	0	0	-0.1	1.50	4.70
80	Kyle Kendrick	PHI	33	31	180.2	199	103	95	49	84	11	10	0	0	0.2	1.37	4.73
RK	PLAYER	TEAM	GP	GS	IP	H	R	ER	BB	SO	W	L	SV	BLSV	WAR	WHIP	ERA
81	Jason Hammel	COL	30	30	177.2	201	97	95	47	141	10	9	0	0	1.4	1.40	4.81
82	Joe Blanton	PHI	29	28	175.2	206	104	94	43	134	9	6	0	0	-0.2	1.42	4.82
83	Rick Porcello	DET	27	27	162.2	188	96	89	38	84	10	12	0	0	-0.1	1.39	4.92
84	Brad Bergesen	BAL	30	28	170.0	193	104	94	51	81	8	12	0	0	0.1	1.44	4.98
85	Chris Narveson	MIL	37	28	167.2	172	96	93	59	137	12	9	0	1	-0.4	1.38	4.99
86	Rodrigo Lopez	ARI	33	33	200.0	227	126	111	56	116	7	16	0	0	-0.9	1.42	5.00
87	Kevin Millwood	BAL	31	31	190.2	223	116	108	65	132	4	16	0	0	0.0	1.51	5.10
88	Paul Maholm	PIT	32	32	185.1	228	119	105	62	102	9	15	0	0	0.1	1.56	5.10


2011





'''